****************************************************************************************************
              Proton-proton elastic differential cross-section at sqrt s = 7 TeV

           as measured by the TOTEM collaboration and published in CERN-PH-EP-2012-239
                             (http://cdsweb.cern.ch/record/1472948)
****************************************************************************************************

x: |t| in GeV^-2
y: d sigma_el / dt in mb/GeV^2

Variables described in:
  http://hepdata.cedar.ac.uk/submittingdata
xfocus_err gives the uncertainty of xfocus.


Table 4:
           xlow          xhigh         xfocus     xfocus_err              y         +-stat          +-sys
   +4.60000E-03   +5.70000E-03   +5.14900E-03   +1.96684E-08   +4.64815E+02   +2.71185E+01   +2.08890E+01
   +5.70000E-03   +7.30000E-03   +6.49789E-03   +4.10076E-08   +4.64515E+02   +1.09550E+01   +2.06248E+01
   +7.30000E-03   +9.05909E-03   +8.17700E-03   +4.83284E-08   +4.37513E+02   +4.97574E+00   +1.91321E+01
   +9.05909E-03   +1.08370E-02   +9.94542E-03   +4.83785E-08   +4.11049E+02   +3.29012E+00   +1.76841E+01
   +1.08370E-02   +1.26340E-02   +1.17328E-02   +4.81583E-08   +4.02321E+02   +2.86673E+00   +1.72859E+01
   +1.26340E-02   +1.44506E-02   +1.35396E-02   +4.81730E-08   +3.84514E+02   +2.59508E+00   +1.65069E+01
   +1.44506E-02   +1.62872E-02   +1.53661E-02   +4.80196E-08   +3.77952E+02   +2.44614E+00   +1.62114E+01
   +1.62872E-02   +1.81443E-02   +1.72129E-02   +4.77952E-08   +3.60330E+02   +2.28842E+00   +1.54422E+01
   +1.81443E-02   +2.00223E-02   +1.90804E-02   +4.76757E-08   +3.48087E+02   +2.18469E+00   +1.49045E+01
   +2.00223E-02   +2.19218E-02   +2.09691E-02   +4.75108E-08   +3.37005E+02   +2.09466E+00   +1.44173E+01
   +2.19218E-02   +2.38431E-02   +2.28794E-02   +4.71463E-08   +3.25019E+02   +2.00366E+00   +1.38921E+01
   +2.38431E-02   +2.57868E-02   +2.48119E-02   +4.70099E-08   +3.07864E+02   +1.91625E+00   +1.31470E+01
   +2.57868E-02   +2.77535E-02   +2.67670E-02   +4.66465E-08   +2.96712E+02   +1.83645E+00   +1.26591E+01
   +2.77535E-02   +2.97437E-02   +2.87453E-02   +4.64935E-08   +2.85932E+02   +1.77522E+00   +1.21879E+01
   +2.97437E-02   +3.17579E-02   +3.07474E-02   +4.63815E-08   +2.75280E+02   +1.71536E+00   +1.17228E+01
   +3.17579E-02   +3.37967E-02   +3.27739E-02   +4.58905E-08   +2.63045E+02   +1.64968E+00   +1.11911E+01
   +3.37967E-02   +3.58608E-02   +3.48253E-02   +4.56041E-08   +2.51958E+02   +1.59047E+00   +1.07091E+01
   +3.58608E-02   +3.79508E-02   +3.69022E-02   +4.51949E-08   +2.42762E+02   +1.53823E+00   +1.03081E+01
   +3.79508E-02   +4.00673E-02   +3.90054E-02   +4.47623E-08   +2.31573E+02   +1.48920E+00   +9.82331E+00
   +4.00673E-02   +4.22110E-02   +4.11354E-02   +4.46157E-08   +2.22155E+02   +1.43886E+00   +9.41431E+00
   +4.22110E-02   +4.43827E-02   +4.32930E-02   +4.40558E-08   +2.10919E+02   +1.37825E+00   +8.92907E+00
   +4.43827E-02   +4.65831E-02   +4.54789E-02   +4.36469E-08   +2.04788E+02   +1.34900E+00   +8.66059E+00
   +4.65831E-02   +4.88129E-02   +4.76939E-02   +4.33043E-08   +1.97217E+02   +1.30680E+00   +8.33165E+00
   +4.88129E-02   +5.10729E-02   +4.99387E-02   +4.28764E-08   +1.87509E+02   +1.25806E+00   +7.91313E+00
   +5.10729E-02   +5.33640E-02   +5.22141E-02   +4.22149E-08   +1.78090E+02   +1.21355E+00   +7.50749E+00
   +5.33640E-02   +5.56870E-02   +5.45211E-02   +4.22291E-08   +1.68843E+02   +1.16913E+00   +7.10992E+00
   +5.56870E-02   +5.80429E-02   +5.68604E-02   +4.12971E-08   +1.62541E+02   +1.13381E+00   +6.83694E+00
   +5.80429E-02   +6.04325E-02   +5.92330E-02   +4.08526E-08   +1.55503E+02   +1.09787E+00   +6.53351E+00
   +6.04325E-02   +6.28569E-02   +6.16399E-02   +4.00183E-08   +1.49368E+02   +1.06337E+00   +6.27957E+00
   +6.28569E-02   +6.53171E-02   +6.40820E-02   +3.98827E-08   +1.40201E+02   +1.01884E+00   +5.90275E+00
   +6.53171E-02   +6.78141E-02   +6.65605E-02   +3.97661E-08   +1.35095E+02   +9.88706E-01   +5.69615E+00
   +6.78141E-02   +7.03492E-02   +6.90764E-02   +3.90139E-08   +1.28998E+02   +9.57405E-01   +5.44719E+00
   +7.03492E-02   +7.29234E-02   +7.16308E-02   +3.82788E-08   +1.20534E+02   +9.14500E-01   +5.09746E+00
   +7.29234E-02   +7.55379E-02   +7.42251E-02   +3.83418E-08   +1.15103E+02   +8.85467E-01   +4.87526E+00
   +7.55379E-02   +7.81942E-02   +7.68603E-02   +3.78956E-08   +1.09630E+02   +8.55352E-01   +4.65067E+00
   +7.81942E-02   +8.08934E-02   +7.95378E-02   +3.77926E-08   +1.04974E+02   +8.28540E-01   +4.46017E+00
   +8.08934E-02   +8.36371E-02   +8.22591E-02   +3.80070E-08   +1.00223E+02   +8.02879E-01   +4.26515E+00
   +8.36371E-02   +8.64268E-02   +8.50256E-02   +3.80127E-08   +9.31799E+01   +7.63656E-01   +3.97185E+00
   +8.64268E-02   +8.92639E-02   +8.78387E-02   +3.83121E-08   +8.91569E+01   +7.38091E-01   +3.80664E+00
   +8.92639E-02   +9.21501E-02   +9.07002E-02   +3.93506E-08   +8.17835E+01   +6.99710E-01   +3.49768E+00
   +9.21501E-02   +9.50872E-02   +9.36116E-02   +4.07195E-08   +7.88541E+01   +6.79749E-01   +3.37813E+00
   +9.50872E-02   +9.80770E-02   +9.65748E-02   +4.20899E-08   +7.39226E+01   +6.52736E-01   +3.17234E+00
   +9.80770E-02   +1.01121E-01   +9.95916E-02   +4.42570E-08   +6.87704E+01   +6.21285E-01   +2.95642E+00
   +1.01121E-01   +1.04222E-01   +1.02664E-01   +4.66912E-08   +6.55295E+01   +6.00574E-01   +2.81777E+00
   +1.04222E-01   +1.07382E-01   +1.05794E-01   +4.93960E-08   +6.19038E+01   +5.78333E-01   +2.66186E+00
   +1.07382E-01   +1.10603E-01   +1.08984E-01   +5.27258E-08   +5.81134E+01   +5.50792E-01   +2.49888E+00
   +1.10603E-01   +1.13888E-01   +1.12237E-01   +5.67424E-08   +5.41135E+01   +5.27090E-01   +2.32688E+00
   +1.13888E-01   +1.17238E-01   +1.15554E-01   +6.17980E-08   +5.12088E+01   +5.06315E-01   +2.20198E+00
   +1.17238E-01   +1.20657E-01   +1.18938E-01   +6.62410E-08   +4.82406E+01   +4.86395E-01   +2.07434E+00
   +1.20657E-01   +1.24148E-01   +1.22393E-01   +7.19533E-08   +4.49908E+01   +4.63136E-01   +1.95614E+00
   +1.24148E-01   +1.27713E-01   +1.25920E-01   +7.85653E-08   +4.27371E+01   +4.48750E-01   +1.88830E+00
   +1.27713E-01   +1.31357E-01   +1.29524E-01   +8.53807E-08   +3.94928E+01   +4.31054E-01   +1.77342E+00
   +1.31357E-01   +1.35082E-01   +1.33208E-01   +9.34883E-08   +3.57484E+01   +4.27895E-01   +1.63161E+00
   +1.35082E-01   +1.38892E-01   +1.36975E-01   +1.02052E-07   +3.36298E+01   +4.11710E-01   +1.56025E+00
   +1.38892E-01   +1.42791E-01   +1.40829E-01   +1.11576E-07   +3.10835E+01   +4.10687E-01   +1.46608E+00
   +1.42791E-01   +1.46783E-01   +1.44774E-01   +1.21535E-07   +2.89059E+01   +3.94658E-01   +1.38618E+00
   +1.46783E-01   +1.50874E-01   +1.48815E-01   +1.32182E-07   +2.56535E+01   +3.80444E-01   +1.25094E+00
   +1.50874E-01   +1.55067E-01   +1.52956E-01   +1.44737E-07   +2.41551E+01   +3.62951E-01   +1.19788E+00
   +1.55067E-01   +1.59369E-01   +1.57203E-01   +1.57332E-07   +2.23537E+01   +3.52900E-01   +1.12753E+00
   +1.59369E-01   +1.63785E-01   +1.61561E-01   +1.71388E-07   +2.02158E+01   +3.36619E-01   +1.03889E+00
   +1.63785E-01   +1.68320E-01   +1.66036E-01   +1.87680E-07   +1.90111E+01   +3.24735E-01   +9.98253E-01
   +1.68320E-01   +1.72983E-01   +1.70634E-01   +2.07753E-07   +1.69219E+01   +3.03968E-01   +9.08003E-01
   +1.72983E-01   +1.77780E-01   +1.75363E-01   +2.26254E-07   +1.51984E+01   +2.92626E-01   +8.33491E-01
   +1.77780E-01   +1.82719E-01   +1.80230E-01   +2.51778E-07   +1.39006E+01   +2.76858E-01   +7.79231E-01
   +1.82719E-01   +1.87809E-01   +1.85243E-01   +2.75693E-07   +1.20909E+01   +2.55302E-01   +6.92937E-01
   +1.87809E-01   +1.93060E-01   +1.90412E-01   +3.02974E-07   +1.12566E+01   +2.52401E-01   +6.59671E-01
   +1.93060E-01   +1.98481E-01   +1.95746E-01   +3.35307E-07   +1.01127E+01   +2.30204E-01   +6.06118E-01
   +1.98481E-01   +2.04084E-01   +2.01256E-01   +3.73447E-07   +9.31313E+00   +2.23549E-01   +5.71845E-01
   +2.04084E-01   +2.09882E-01   +2.06955E-01   +4.11985E-07   +8.07453E+00   +2.07591E-01   +5.10518E-01
   +2.09882E-01   +2.15890E-01   +2.12856E-01   +4.63853E-07   +6.97759E+00   +1.87976E-01   +4.54339E-01
   +2.15890E-01   +2.22122E-01   +2.18973E-01   +5.15773E-07   +6.21854E+00   +1.74868E-01   +4.17087E-01
   +2.22122E-01   +2.28596E-01   +2.25324E-01   +5.85298E-07   +5.37904E+00   +1.62616E-01   +3.71712E-01
   +2.28596E-01   +2.35332E-01   +2.31926E-01   +6.64477E-07   +4.39913E+00   +1.43423E-01   +3.13290E-01
   +2.35332E-01   +2.42351E-01   +2.38800E-01   +7.64928E-07   +4.25100E+00   +1.44394E-01   +3.12092E-01
   +2.42351E-01   +2.49680E-01   +2.45970E-01   +8.70024E-07   +3.47450E+00   +1.25241E-01   +2.63056E-01
   +2.49680E-01   +2.57345E-01   +2.53463E-01   +1.01762E-06   +2.81902E+00   +1.13357E-01   +2.20188E-01
   +2.57345E-01   +2.65380E-01   +2.61308E-01   +1.18823E-06   +2.51542E+00   +1.04003E-01   +2.02790E-01
   +2.65380E-01   +2.73822E-01   +2.69541E-01   +1.38308E-06   +2.14239E+00   +9.65793E-02   +1.78361E-01
   +2.73822E-01   +2.82715E-01   +2.78201E-01   +1.66175E-06   +1.82419E+00   +8.62283E-02   +1.56924E-01
   +2.82715E-01   +2.92109E-01   +2.87336E-01   +2.01449E-06   +1.45486E+00   +7.46762E-02   +1.29407E-01
   +2.92109E-01   +3.02064E-01   +2.97001E-01   +2.45955E-06   +1.25697E+00   +6.88564E-02   +1.15692E-01
   +3.02064E-01   +3.12652E-01   +3.07261E-01   +3.00761E-06   +8.48145E-01   +5.51318E-02   +8.10945E-02
   +3.12652E-01   +3.23958E-01   +3.18194E-01   +3.77784E-06   +6.33387E-01   +4.59089E-02   +6.30536E-02
   +3.23958E-01   +3.36087E-01   +3.29894E-01   +4.78725E-06   +5.57536E-01   +4.26949E-02   +5.78510E-02
   +3.36087E-01   +3.49169E-01   +3.42478E-01   +6.13650E-06   +4.17456E-01   +3.75047E-02   +4.52072E-02
   +3.49169E-01   +3.63366E-01   +3.56089E-01   +8.03633E-06   +2.68533E-01   +2.72489E-02   +3.03958E-02
   +3.63366E-01   +3.78886E-01   +3.70911E-01   +1.07097E-05   +2.34645E-01   +2.46881E-02   +2.78120E-02


Table 5:
           xlow          xhigh         xfocus     xfocus_err              y         +-stat           +sys           -sys
   +3.73980E-01   +3.80670E-01   +3.77232E-01   +1.92991E-03   +2.25126E-01   +5.58188E-03   +5.47439E-02   +8.22716E-02
   +3.80670E-01   +3.87330E-01   +3.83908E-01   +1.92128E-03   +1.74372E-01   +4.58129E-03   +4.27513E-02   +6.39566E-02
   +3.87330E-01   +3.94280E-01   +3.90705E-01   +2.00485E-03   +1.57142E-01   +4.13094E-03   +3.88472E-02   +5.78503E-02
   +3.94280E-01   +4.01380E-01   +3.97727E-01   +2.04809E-03   +1.33301E-01   +3.50210E-03   +3.32343E-02   +4.92607E-02
   +4.01380E-01   +4.08570E-01   +4.04870E-01   +2.07405E-03   +1.16075E-01   +3.18374E-03   +2.91884E-02   +4.30609E-02
   +4.08570E-01   +4.16150E-01   +4.12245E-01   +2.18644E-03   +9.26094E-02   +2.60235E-03   +2.34925E-02   +3.44923E-02
   +4.16150E-01   +4.23920E-01   +4.19916E-01   +2.24126E-03   +7.81193E-02   +2.30139E-03   +1.99966E-02   +2.92153E-02
   +4.23920E-01   +4.32020E-01   +4.27844E-01   +2.33643E-03   +6.32356E-02   +1.94240E-03   +1.63371E-02   +2.37493E-02
   +4.32020E-01   +4.40480E-01   +4.36117E-01   +2.44032E-03   +5.36043E-02   +1.70886E-03   +1.39819E-02   +2.02208E-02
   +4.40480E-01   +4.49450E-01   +4.44822E-01   +2.58752E-03   +4.46735E-02   +1.49252E-03   +1.17691E-02   +1.69297E-02
   +4.49450E-01   +4.58890E-01   +4.54022E-01   +2.72339E-03   +3.36907E-02   +1.22180E-03   +8.96869E-03   +1.28296E-02
   +4.58890E-01   +4.68900E-01   +4.63745E-01   +2.88832E-03   +3.02431E-02   +1.15635E-03   +8.13911E-03   +1.15755E-02
   +4.68900E-01   +4.79480E-01   +4.74045E-01   +3.05358E-03   +2.55346E-02   +1.00493E-03   +6.95085E-03   +9.82593E-03
   +4.79480E-01   +4.90330E-01   +4.84781E-01   +3.13247E-03   +2.15817E-02   +8.99506E-04   +5.94433E-03   +8.35116E-03
   +4.90330E-01   +5.01730E-01   +4.95930E-01   +3.29219E-03   +1.94519E-02   +8.53486E-04   +5.42278E-03   +7.57040E-03
   +5.01730E-01   +5.13670E-01   +5.07633E-01   +3.44882E-03   +1.80358E-02   +8.07735E-04   +5.04864E-03   +7.02156E-03
   +5.13670E-01   +5.26580E-01   +5.20094E-01   +3.72934E-03   +1.70790E-02   +7.63038E-04   +4.77869E-03   +6.62992E-03
   +5.26580E-01   +5.39820E-01   +5.33210E-01   +3.82416E-03   +1.60721E-02   +7.64140E-04   +4.49485E-03   +6.22008E-03
   +5.39820E-01   +5.53230E-01   +5.46566E-01   +3.87242E-03   +1.68597E-02   +8.00485E-04   +4.71288E-03   +6.50464E-03
   +5.53230E-01   +5.67060E-01   +5.60209E-01   +3.99288E-03   +1.84641E-02   +8.62138E-04   +5.15883E-03   +7.10094E-03
   +5.67060E-01   +5.80660E-01   +5.73930E-01   +3.92585E-03   +1.82648E-02   +8.53814E-04   +5.10064E-03   +7.00174E-03
   +5.80660E-01   +5.94660E-01   +5.87735E-01   +4.04089E-03   +2.07707E-02   +9.20958E-04   +5.79757E-03   +7.93656E-03
   +5.94660E-01   +6.08570E-01   +6.01685E-01   +4.01472E-03   +2.28496E-02   +9.71048E-04   +6.37465E-03   +8.70222E-03
   +6.08570E-01   +6.22340E-01   +6.15515E-01   +3.97426E-03   +2.22443E-02   +9.56519E-04   +6.20272E-03   +8.44403E-03
   +6.22340E-01   +6.36260E-01   +6.29352E-01   +4.01753E-03   +2.42323E-02   +1.00597E-03   +6.75371E-03   +9.16851E-03
   +6.36260E-01   +6.50360E-01   +6.43351E-01   +4.06950E-03   +2.46540E-02   +9.91613E-04   +6.86778E-03   +9.29698E-03
   +6.50360E-01   +6.64080E-01   +6.57248E-01   +3.95992E-03   +2.74336E-02   +1.05532E-03   +7.63827E-03   +1.03109E-02
   +6.64080E-01   +6.78160E-01   +6.71138E-01   +4.06385E-03   +2.47863E-02   +9.81449E-04   +6.89775E-03   +9.28490E-03
   +6.78160E-01   +6.92370E-01   +6.85271E-01   +4.10141E-03   +2.51066E-02   +9.74612E-04   +6.98333E-03   +9.37294E-03
   +6.92370E-01   +7.06700E-01   +6.99530E-01   +4.13609E-03   +2.73475E-02   +1.00361E-03   +7.60273E-03   +1.01744E-02
   +7.06700E-01   +7.20560E-01   +7.13616E-01   +4.00051E-03   +2.65183E-02   +9.92933E-04   +7.36847E-03   +9.83231E-03
   +7.20560E-01   +7.34740E-01   +7.27627E-01   +4.09289E-03   +2.58748E-02   +9.62658E-04   +7.18604E-03   +9.56108E-03
   +7.34740E-01   +7.49360E-01   +7.42017E-01   +4.21990E-03   +2.50464E-02   +9.24742E-04   +6.95237E-03   +9.22254E-03
   +7.49360E-01   +7.63760E-01   +7.56521E-01   +4.15644E-03   +2.60265E-02   +9.45453E-04   +7.22065E-03   +9.54946E-03
   +7.63760E-01   +7.78570E-01   +7.71117E-01   +4.27479E-03   +2.40711E-02   +8.86033E-04   +6.67464E-03   +8.80037E-03
   +7.78570E-01   +7.93440E-01   +7.85952E-01   +4.29214E-03   +2.31620E-02   +8.39475E-04   +6.41913E-03   +8.43709E-03
   +7.93440E-01   +8.08100E-01   +8.00715E-01   +4.23157E-03   +2.13425E-02   +8.13366E-04   +5.91173E-03   +7.74597E-03
   +8.08100E-01   +8.23250E-01   +8.15613E-01   +4.37302E-03   +2.15900E-02   +7.97647E-04   +5.97705E-03   +7.80683E-03
   +8.23250E-01   +8.38770E-01   +8.30943E-01   +4.47983E-03   +1.89271E-02   +7.31461E-04   +5.23694E-03   +6.81781E-03
   +8.38770E-01   +8.54580E-01   +8.46603E-01   +4.56355E-03   +1.83201E-02   +7.06191E-04   +5.06614E-03   +6.57337E-03
   +8.54580E-01   +8.71250E-01   +8.62834E-01   +4.81176E-03   +1.63306E-02   +6.39089E-04   +4.51332E-03   +5.83566E-03
   +8.71250E-01   +8.88200E-01   +8.79641E-01   +4.89258E-03   +1.64177E-02   +6.26743E-04   +4.53462E-03   +5.84194E-03
   +8.88200E-01   +9.05030E-01   +8.96532E-01   +4.85795E-03   +1.69472E-02   +6.42750E-04   +4.67801E-03   +6.00460E-03
   +9.05030E-01   +9.21760E-01   +9.13312E-01   +4.82909E-03   +1.41435E-02   +5.79453E-04   +3.90173E-03   +4.98987E-03
   +9.21760E-01   +9.39450E-01   +9.30512E-01   +5.10613E-03   +1.40474E-02   +5.58076E-04   +3.87281E-03   +4.93422E-03
   +9.39450E-01   +9.57020E-01   +9.48143E-01   +5.07148E-03   +1.40974E-02   +5.74291E-04   +3.88411E-03   +4.92941E-03
   +9.57020E-01   +9.75640E-01   +9.66225E-01   +5.37446E-03   +1.19154E-02   +4.93608E-04   +3.28076E-03   +4.14704E-03
   +9.75640E-01   +9.95000E-01   +9.85206E-01   +5.58795E-03   +1.22454E-02   +4.94405E-04   +3.36930E-03   +4.24097E-03
   +9.95000E-01   +1.01457E+00   +1.00467E+00   +5.64851E-03   +1.13140E-02   +4.65827E-04   +3.11081E-03   +3.89857E-03
   +1.01457E+00   +1.03411E+00   +1.02422E+00   +5.63980E-03   +1.00415E-02   +4.36287E-04   +2.75899E-03   +3.44245E-03
   +1.03411E+00   +1.05435E+00   +1.04410E+00   +5.84172E-03   +8.73536E-03   +4.00440E-04   +2.39837E-03   +2.97903E-03
   +1.05435E+00   +1.07538E+00   +1.06472E+00   +6.06959E-03   +7.86607E-03   +3.69017E-04   +2.15808E-03   +2.66798E-03
   +1.07538E+00   +1.09744E+00   +1.08625E+00   +6.36666E-03   +8.13278E-03   +3.63355E-04   +2.22950E-03   +2.74268E-03
   +1.09744E+00   +1.11981E+00   +1.10845E+00   +6.45602E-03   +7.19852E-03   +3.39987E-04   +1.97179E-03   +2.41323E-03
   +1.11981E+00   +1.14292E+00   +1.13118E+00   +6.66940E-03   +6.50116E-03   +3.15137E-04   +1.77929E-03   +2.16615E-03
   +1.14292E+00   +1.16709E+00   +1.15479E+00   +6.97505E-03   +5.08667E-03   +2.68766E-04   +1.39096E-03   +1.68404E-03
   +1.16709E+00   +1.19228E+00   +1.17945E+00   +7.26914E-03   +5.26079E-03   +2.67013E-04   +1.43728E-03   +1.73001E-03
   +1.19228E+00   +1.21882E+00   +1.20528E+00   +7.65835E-03   +4.96089E-03   +2.53548E-04   +1.35406E-03   +1.61985E-03
   +1.21882E+00   +1.24660E+00   +1.23241E+00   +8.01579E-03   +4.22361E-03   +2.25088E-04   +1.15168E-03   +1.36880E-03
   +1.24660E+00   +1.27568E+00   +1.26081E+00   +8.39051E-03   +3.39968E-03   +1.96311E-04   +9.26045E-04   +1.09309E-03
   +1.27568E+00   +1.30600E+00   +1.29048E+00   +8.74791E-03   +3.26444E-03   +1.86467E-04   +8.88238E-04   +1.04089E-03
   +1.30600E+00   +1.33848E+00   +1.32182E+00   +9.37040E-03   +2.69467E-03   +1.64117E-04   +7.32362E-04   +8.51613E-04
   +1.33848E+00   +1.37196E+00   +1.35477E+00   +9.65862E-03   +2.21331E-03   +1.43641E-04   +6.00807E-04   +6.92921E-04
   +1.37196E+00   +1.40898E+00   +1.38992E+00   +1.06785E-02   +1.99918E-03   +1.30732E-04   +5.41979E-04   +6.19559E-04
   +1.40898E+00   +1.44751E+00   +1.42766E+00   +1.11136E-02   +1.63329E-03   +1.13632E-04   +4.42169E-04   +5.00620E-04
   +1.44751E+00   +1.48693E+00   +1.46661E+00   +1.13702E-02   +1.47098E-03   +1.06097E-04   +3.97657E-04   +4.45716E-04
   +1.48693E+00   +1.52868E+00   +1.50713E+00   +1.20415E-02   +1.06573E-03   +8.69457E-05   +2.87670E-04   +3.19034E-04
   +1.52868E+00   +1.57812E+00   +1.55247E+00   +1.42551E-02   +8.40859E-04   +7.08799E-05   +2.26591E-04   +2.48287E-04
   +1.57812E+00   +1.62982E+00   +1.60298E+00   +1.49059E-02   +7.47407E-04   +6.54648E-05   +2.01030E-04   +2.17295E-04
   +1.62982E+00   +1.68531E+00   +1.65644E+00   +1.59965E-02   +5.57211E-04   +5.39264E-05   +1.49575E-04   +1.59318E-04
   +1.68531E+00   +1.74369E+00   +1.71328E+00   +1.68279E-02   +4.63990E-04   +4.76087E-05   +1.24288E-04   +1.30291E-04
   +1.74369E+00   +1.81410E+00   +1.77716E+00   +2.02827E-02   +3.69003E-04   +3.90706E-05   +9.86080E-05   +1.01496E-04
   +1.81410E+00   +1.89254E+00   +1.85119E+00   +2.25845E-02   +2.16089E-04   +2.78681E-05   +5.75852E-05   +5.79967E-05
   +1.89254E+00   +1.97663E+00   +1.93215E+00   +2.42008E-02   +1.91674E-04   +2.52493E-05   +5.09238E-05   +5.00475E-05
   +1.97663E+00   +2.07793E+00   +2.02372E+00   +2.91095E-02   +1.25997E-04   +1.85136E-05   +3.33595E-05   +3.18604E-05
   +2.07793E+00   +2.19729E+00   +2.13257E+00   +3.42279E-02   +5.85957E-05   +1.15246E-05   +1.54502E-05   +1.42428E-05
   +2.19729E+00   +2.36678E+00   +2.27160E+00   +4.82327E-02   +4.12194E-05   +8.34307E-06   +1.08112E-05   +9.50339E-06
   +2.36678E+00   +2.54256E+00   +2.44298E+00   +4.99037E-02   +2.29874E-05   +5.45747E-06   +5.98983E-06   +4.94531E-06
